3
64
0.584 2.174 -1.949
0.493 0.754 1.698
2.433 2.278 -1.574
1.744 -2.114 -0.427
-0.186 -0.586 -1.023
-1.243 1.525 0.232
-0.657 -0.094 -2.321
1.608 -1.978 1.783
1.643 -1.611 1.681
-1.636 -0.752 0.361
1.260 -1.353 -2.015
2.051 1.701 0.736
2.223 1.387 1.243
-1.244 1.366 0.429
-2.266 2.121 0.944
-0.852 -1.012 -1.020
-0.180 0.481 1.724
-0.891 -1.463 1.470
0.049 1.590 -1.531
-0.606 -2.209 -0.571
2.435 1.073 -0.750
0.116 2.262 1.140
1.886 1.249 -2.169
1.307 1.896 -0.638
1.631 -2.412 -0.172
-0.889 -1.425 1.127
-0.881 -0.508 -1.294
-0.927 -0.645 0.279
1.654 1.953 -1.084
-1.684 -1.649 -0.517
-1.864 1.924 0.932
-1.091 0.297 -0.398
1.016 -1.166 1.425
-2.167 -1.761 2.057
-0.230 0.405 0.914
0.976 1.453 -1.453
0.274 1.352 1.298
-2.036 -1.980 -2.034
2.286 2.497 0.158
-0.197 -0.261 1.356
-0.212 -2.196 -1.352
1.707 1.632 -0.691
0.516 1.767 2.289
-1.166 2.096 0.362
1.968 1.505 -0.549
1.645 1.227 0.252
1.868 0.928 -1.072
-0.717 -0.322 0.928
2.164 -1.995 -0.974
1.217 2.310 -0.958
-1.197 -1.667 -2.107
2.132 -1.047 1.693
1.863 -1.220 1.327
2.207 1.359 2.352
1.577 -0.217 0.937
2.017 -2.446 -0.159
-1.220 0.992 -1.661
-0.321 -0.169 -1.973
-0.889 -0.381 1.466
-0.719 -1.983 -0.945
2.390 -0.186 -0.386
0.302 1.245 -0.617
2.448 2.405 0.530
1.848 -0.008 -2.092
-1.306 -1.292 1.735
-2.326 1.001 1.781
1.219 -2.243 -1.018
-1.596 0.027 -2.480
1.561 0.938 0.333
1.099 2.087 1.824
2.381 0.083 -0.587
-2.264 0.222 1.081
0.178 -0.973 1.003
-2.320 0.594 1.120
2.308 0.335 0.545
2.064 1.703 -0.273
1.304 -0.997 -1.154
-2.029 -1.240 -0.131
1.712 -0.518 0.574
1.761 -1.346 -2.172
-1.435 1.179 -2.151
-0.788 -1.117 0.758
1.950 -2.118 -0.848
0.836 -1.312 1.902
-0.697 0.918 -1.774
-1.645 -1.900 1.910
-2.298 -1.788 1.414
-1.640 2.304 0.537
2.083 0.947 -1.123
-1.765 2.088 -2.480
-1.884 -2.066 -1.761
-0.286 -1.778 -2.006
1.626 -1.171 0.754
1.758 1.312 -2.146
2.465 -1.749 -2.414
-1.262 1.028 2.404
2.382 1.126 1.648
-1.546 -0.055 -2.227
-1.193 2.466 1.112
1.476 -1.510 1.250
1.758 0.410 1.552
1.807 0.557 1.512
-1.898 -2.449 -1.905
-1.594 -0.293 1.207
-1.034 1.825 0.833
-0.732 0.730 1.142
2.016 -1.721 0.425
-0.687 -1.505 -1.960
-0.211 0.915 1.597
1.943 -1.231 2.225
1.975 -0.082 0.155
1.997 -0.159 0.208
-1.592 -2.294 0.783
-1.204 -0.441 -1.913
-2.244 -1.812 -0.244
-0.178 -0.566 -1.541
0.610 -2.426 -0.640
0.651 -0.215 -0.488
1.797 -0.304 -1.266
-1.758 -0.886 -1.270
-1.516 -0.302 1.285
-0.389 1.039 1.656
-0.072 -2.499 2.131
-1.004 2.196 -1.138
0.251 0.412 -1.572
-0.958 -2.078 -0.041
2.483 -1.915 0.597
0.020 0.014 1.969
-2.318 1.501 2.086
-2.429 0.644 -2.144
0.678 1.747 -1.076
0.351 0.734 1.690
0.698 -0.598 -1.701
0.494 -1.564 1.452
1.182 -0.475 2.175
2.420 -2.084 2.229
0.061 -0.285 -0.698
0.580 -0.905 0.265
0.543 1.533 -2.332
-0.267 2.336 -1.554
0.302 1.029 -1.276
0.898 1.775 1.394
0.232 -0.175 1.139
-0.566 0.281 -1.375
0.505 -2.171 -2.499
-0.805 -1.034 -0.423
-0.188 0.535 0.441
0.292 -1.502 -1.796
-2.322 -1.519 -1.132
-0.978 0.968 1.424
-2.418 -1.218 -2.166
1.813 -1.634 -0.775
2.253 -0.269 0.871
-0.277 -0.696 -0.314
2.203 -0.274 -1.285
-0.860 -1.614 -2.199
0.626 1.860 -1.436
-0.049 -0.893 -0.819
-1.372 0.646 0.100
1.294 -1.128 1.715
2.155 0.218 2.025
1.553 0.240 0.117
-1.414 -0.070 -1.052
2.491 -2.067 0.420
1.895 -1.803 -0.458
-0.373 -1.207 1.238
1.379 -1.142 -1.314
-2.147 2.483 1.274
-0.926 -0.982 -1.300
2.252 -2.205 -2.129
-2.240 -1.584 -0.869
-2.143 1.999 1.461
-1.087 1.638 -1.125
0.621 -0.374 -2.401
-0.012 -0.466 2.295
-2.471 2.476 0.444
-1.716 1.337 -0.026
-1.009 0.498 1.701
2.152 2.321 2.094
0.518 -1.650 -1.384
-2.488 1.135 -0.967
1.340 -0.417 -2.253
-1.348 1.920 -1.666
-1.640 2.364 -0.611
0.559 2.270 -1.858
-1.225 -2.355 -2.124
0.938 -1.575 -0.233
-0.073 1.913 -2.147
0.782 0.073 1.551
1.437 0.286 0.954
2.224 1.723 -2.460
-1.592 -1.799 2.425
