3
64
-0.187 0.866 1.819
-1.725 1.722 2.319
-2.026 -1.296 0.841
-0.356 2.390 -2.316
-1.132 0.320 -2.148
-0.923 -2.340 -1.640
-1.714 1.967 1.944
-1.131 1.952 1.215
0.764 0.274 -2.346
-1.953 0.762 1.614
2.062 -0.442 1.224
1.035 1.663 0.411
-2.099 -2.356 -0.815
0.577 0.370 -2.226
-0.366 -0.837 -0.273
-0.330 -1.110 0.696
-1.606 2.327 -1.030
-1.331 1.670 2.421
-0.042 0.048 -1.822
1.614 -1.768 0.258
0.979 -1.288 0.618
1.778 -1.865 1.533
-0.997 -1.393 -0.160
0.447 -2.304 0.917
1.742 2.345 -2.369
-0.728 1.045 1.800
2.397 -0.018 -2.318
1.740 0.645 2.287
-1.498 1.468 -1.076
-0.871 -0.815 -1.999
-1.438 1.700 -1.731
2.229 -2.086 2.484
0.804 -1.501 -2.184
0.285 -1.348 -0.605
1.154 -1.519 0.773
-1.231 -1.372 0.301
-0.462 -0.019 -0.897
-1.923 0.106 0.873
1.102 -1.324 -0.951
-0.879 -0.465 -1.726
-1.745 0.482 1.100
-2.249 2.212 -1.925
-2.457 1.684 0.782
0.468 1.076 0.156
-0.347 -1.120 0.586
-1.238 -1.550 -0.928
-2.222 1.398 -2.269
-0.781 0.103 2.419
-1.295 -1.187 -0.187
-2.338 -1.036 -2.244
0.960 -2.251 0.226
-1.473 -1.090 0.952
1.055 -1.890 -0.158
-1.069 0.558 -0.510
-1.276 -1.187 1.794
-1.659 -0.420 1.567
-0.707 -0.976 0.286
-0.613 2.082 1.752
-0.759 2.137 2.378
-0.132 -0.434 1.010
0.529 -2.364 2.256
2.313 0.949 2.148
-2.410 -1.777 -2.415
-2.337 -0.787 2.268
-0.324 -0.666 0.131
1.293 1.595 1.586
-1.343 1.053 -2.460
-1.959 -0.398 0.274
-1.895 -0.726 -0.287
-1.210 -0.239 -1.435
1.109 0.602 -1.662
0.349 -2.206 -1.352
-0.138 1.279 -0.993
-0.242 2.350 2.134
0.099 2.277 -1.141
-0.240 0.354 1.063
1.074 0.511 2.482
0.544 1.327 -2.379
-0.808 -0.932 1.918
-0.395 -1.412 2.177
1.046 1.538 -1.389
2.373 -1.201 2.121
2.034 -1.887 1.581
-1.427 -1.257 -1.537
-0.410 -1.207 0.402
-1.451 0.441 -0.125
-2.155 -0.366 1.170
0.645 -1.713 2.185
-1.218 -2.317 0.913
0.775 -2.466 2.492
-1.486 -2.164 -0.145
-0.200 0.727 -1.567
1.187 -2.403 -1.781
-2.213 0.807 1.769
-2.098 2.049 -0.876
1.847 -0.061 -0.799
1.591 -0.004 0.279
-0.932 0.597 0.280
-2.300 -1.957 -0.839
-0.506 2.010 1.895
-2.051 1.872 2.134
-2.304 -1.093 2.063
-0.409 -1.909 -2.165
-1.732 1.577 -1.942
1.996 -0.249 1.766
-2.397 -2.319 0.482
-0.429 -2.226 0.084
0.482 1.941 -1.610
-1.471 1.581 0.955
1.202 1.327 0.898
-0.359 1.397 0.515
-1.778 -1.352 1.358
0.825 2.074 2.134
-0.883 -0.690 0.615
-0.301 -1.813 -2.298
-2.282 1.846 -0.014
-0.991 0.105 1.352
-2.179 2.156 -2.395
2.400 -0.434 -0.837
0.037 1.587 -0.558
1.435 -0.130 0.798
-0.817 -1.380 -2.465
0.157 -1.677 -1.783
-0.017 -0.708 -0.275
1.750 1.663 -2.451
0.425 0.804 1.343
-1.509 -0.179 0.176
2.434 -2.203 0.048
-0.687 1.315 -2.346
-1.373 1.787 1.185
-2.462 1.257 2.093
2.181 -1.635 -2.242
-1.738 0.896 -1.298
-1.925 -0.509 -1.038
1.744 -2.401 -2.238
-0.039 1.237 -0.330
-1.909 0.882 -2.305
-1.199 2.404 0.368
-1.655 -2.482 -0.950
1.221 2.191 -1.256
1.760 1.887 0.126
-1.424 -1.801 1.949
1.552 -0.700 2.100
-2.131 -1.859 0.339
-0.809 -2.450 1.827
-1.742 -2.258 -0.394
-1.457 1.091 2.334
2.047 -0.040 1.383
-0.047 -0.060 -2.303
-0.461 -1.133 -0.236
-1.038 -2.110 -0.960
0.145 1.622 -0.189
1.870 -1.203 -1.310
2.139 -1.416 2.323
0.269 2.112 0.844
-0.161 -1.839 -1.952
0.649 -0.695 0.711
2.294 0.667 1.043
2.125 -0.406 -0.146
-0.798 -0.977 -0.701
0.174 -0.535 1.351
1.073 0.069 -1.336
-1.623 -0.494 -2.451
-2.089 0.477 1.285
2.428 0.240 -1.325
0.294 -2.396 2.470
-0.518 2.350 -2.396
1.153 0.349 2.010
-0.105 0.365 -1.473
0.041 -2.077 -0.303
-2.069 1.732 1.596
-2.126 2.223 -2.456
-0.848 -1.250 -0.671
2.397 0.560 1.005
1.778 1.070 0.613
1.778 2.277 -0.080
-0.498 1.642 0.413
1.226 -0.170 -0.506
-2.430 -1.595 -1.059
-1.646 0.976 -1.006
-0.784 0.881 2.303
-0.994 -2.365 0.288
0.430 1.180 0.108
1.987 -2.153 -0.061
2.192 -1.618 1.742
-0.609 -2.318 -0.372
-0.572 -0.279 -1.868
-2.495 -0.116 -1.564
0.068 -2.050 0.222
2.178 1.941 -0.905
1.131 -1.918 1.445
-1.980 1.811 1.172
